#!/usr/local/bin/perl
#u# http://rosettacode.org/wiki/Minimum_number_of_cells_after,_before,_above_and_below_NxN_squares
#c# 2021-08-02 <RC, 2021-08-xx >RC
#p# OK

my @res;

use strict;
use warnings;
use feature 'say';

use List::Util <max min>;

for my $N (0, 1, 2, 6, 9, 23) {
    my $fmt = ('%' . (1+length int $N/2) . 'd') x $N;
    #my $w = 1 + length(int($N/2));
    for my $row ( 0 .. $N-1 ) {
        my @cols = map { min $_, $row, $N-1 - max $_, $row } 0 .. $N-1;
        push @res, sprintf $fmt, @cols;
        #push @res, sprintf "%${w}d" x $N, @cols;
    }
    push @res, '';
}

say my $result = join "\n", @res;

my $ref = <<'EOD';

 0

 0 0
 0 0

 0 0 0 0 0 0
 0 1 1 1 1 0
 0 1 2 2 1 0
 0 1 2 2 1 0
 0 1 1 1 1 0
 0 0 0 0 0 0

 0 0 0 0 0 0 0 0 0
 0 1 1 1 1 1 1 1 0
 0 1 2 2 2 2 2 1 0
 0 1 2 3 3 3 2 1 0
 0 1 2 3 4 3 2 1 0
 0 1 2 3 3 3 2 1 0
 0 1 2 2 2 2 2 1 0
 0 1 1 1 1 1 1 1 0
 0 0 0 0 0 0 0 0 0

  0  0  0  0  0  0  0  0  0  0  0  0  0  0  0  0  0  0  0  0  0  0  0
  0  1  1  1  1  1  1  1  1  1  1  1  1  1  1  1  1  1  1  1  1  1  0
  0  1  2  2  2  2  2  2  2  2  2  2  2  2  2  2  2  2  2  2  2  1  0
  0  1  2  3  3  3  3  3  3  3  3  3  3  3  3  3  3  3  3  3  2  1  0
  0  1  2  3  4  4  4  4  4  4  4  4  4  4  4  4  4  4  4  3  2  1  0
  0  1  2  3  4  5  5  5  5  5  5  5  5  5  5  5  5  5  4  3  2  1  0
  0  1  2  3  4  5  6  6  6  6  6  6  6  6  6  6  6  5  4  3  2  1  0
  0  1  2  3  4  5  6  7  7  7  7  7  7  7  7  7  6  5  4  3  2  1  0
  0  1  2  3  4  5  6  7  8  8  8  8  8  8  8  7  6  5  4  3  2  1  0
  0  1  2  3  4  5  6  7  8  9  9  9  9  9  8  7  6  5  4  3  2  1  0
  0  1  2  3  4  5  6  7  8  9 10 10 10  9  8  7  6  5  4  3  2  1  0
  0  1  2  3  4  5  6  7  8  9 10 11 10  9  8  7  6  5  4  3  2  1  0
  0  1  2  3  4  5  6  7  8  9 10 10 10  9  8  7  6  5  4  3  2  1  0
  0  1  2  3  4  5  6  7  8  9  9  9  9  9  8  7  6  5  4  3  2  1  0
  0  1  2  3  4  5  6  7  8  8  8  8  8  8  8  7  6  5  4  3  2  1  0
  0  1  2  3  4  5  6  7  7  7  7  7  7  7  7  7  6  5  4  3  2  1  0
  0  1  2  3  4  5  6  6  6  6  6  6  6  6  6  6  6  5  4  3  2  1  0
  0  1  2  3  4  5  5  5  5  5  5  5  5  5  5  5  5  5  4  3  2  1  0
  0  1  2  3  4  4  4  4  4  4  4  4  4  4  4  4  4  4  4  3  2  1  0
  0  1  2  3  3  3  3  3  3  3  3  3  3  3  3  3  3  3  3  3  2  1  0
  0  1  2  2  2  2  2  2  2  2  2  2  2  2  2  2  2  2  2  2  2  1  0
  0  1  1  1  1  1  1  1  1  1  1  1  1  1  1  1  1  1  1  1  1  1  0
  0  0  0  0  0  0  0  0  0  0  0  0  0  0  0  0  0  0  0  0  0  0  0

EOD

use Test::More;
chomp $ref;
is ($result, $ref);
done_testing();
